diabetes1<-read.csv("C:\\Users\\HP/Downloads\\diabetes.csv")
diabetes1<-table(diabetes1 $Age,diabetes1 $Insulin)
diabetes1
chisq.test(diabetes1,simulate.p.value=TRUE) 
OUTPUT:
 diabetes1<-read.csv("C:\\Users\\HP/Downloads\\diabetes.csv")
> diabetes1<-table(diabetes1 $Age,diabetes1 $Insulin)
> diabetes1
    
      0 14 15 16 18 22 23 25 29 32 36 37 38 40 41 42 43 44 45 46 48 49 50 51
  21 28  0  0  0  1  0  1  1  0  0  0  0  0  1  0  0  0  0  1  0  0  0  1  1
  22 29  0  0  1  0  0  0  0  0  1  1  1  0  0  0  0  0  1  1  0  0  0  1  0
  23 10  0  1  0  0  0  0  0  0  0  0  1  0  0  0  0  0  1  1  0  2  0  0  0
  24 15  0  0  0  0  0  0  0  0  0  1  0  0  1  0  0  1  0  0  0  0  0  1  0
  25 18  1  0  0  1  0  0  0  0  0  0  0  1  0  1  0  0  0  0  0  0  0  0  0
    
     52 53 54 55 56 57 58 59 60 61 63 64 65 66 67 68 70 71 72 73 74 75 76 77
  21  0  0  0  0  1  0  0  0  0  1  0  1  0  1  0  0  0  1  0  0  0  0  2  0
  22  0  1  1  0  0  0  1  0  1  0  1  1  0  1  0  0  0  0  0  0  0  1  1  0
  23  0  0  0  0  0  0  0  0  0  0  0  1  0  1  0  0  0  0  0  0  0  0  0  0
  24  0  1  0  1  1  0  0  0  0  0  0  0  0  1  0  0  0  1  0  0  0  0  0  1
  25  1  0  0  0  1  1  0  1  0  0  1  0  0  1  0  0  0  0  0  0  1  0  1  0
    
     78 79 81 82 83 84 85 86 87 88 89 90 91 92 94 95 96 99 100 105 106 108
  21  1  0  0  1  0  0  0  0  1  0  1  0  0  0  2  0  0  0   0   1   0   0
  22  0  0  0  1  1  1  0  0  0  2  0  1  0  1  0  0  0  0   0   2   1   0
  23  0  0  0  0  0  0  0  0  0  0  0  0  0  1  1  2  0  0   2   0   0   0
  24  0  0  0  1  0  0  0  1  0  0  0  1  0  0  0  0  0  0   0   2   0   0
  25  0  0  0  0  0  0  1  0  0  0  0  0  0  0  1  0  0  0   2   0   1   0
    
     110 112 114 115 116 119 120 122 125 126 127 128 129 130 132 135 140 142
  21   0   0   0   1   0   0   1   0   0   0   0   0   0   0   0   0   0   0
  22   0   0   0   0   1   0   1   0   0   0   0   0   0   0   0   1   1   1
  23   0   0   0   0   1   0   1   0   1   0   0   0   0   0   0   1   0   0
  24   0   0   0   0   0   0   2   0   0   0   0   1   0   1   1   1   1   0
  25   1   0   0   1   0   0   0   0   0   0   0   0   1   0   0   1   0   0
    
     144 145 146 148 150 152 155 156 158 159 160 165 166 167 168 170 171 175
  21   0   0   0   1   0   1   0   0   0   0   1   0   0   1   0   1   0   0
  22   0   0   0   1   0   0   0   0   0   1   0   1   0   0   0   0   0   0
  23   0   0   0   0   0   0   0   0   0   0   1   0   0   0   0   0   0   0
  24   0   0   0   0   0   0   0   0   1   0   0   0   0   0   1   0   0   0
  25   0   0   0   0   0   0   0   0   0   0   1   0   0   0   0   0   0   0
    
     176 178 180 182 183 184 185 188 190 191 192 193 194 196 200 204 205 207
  21   0   0   0   1   0   0   0   0   0   0   0   0   0   0   1   0   0   0
  22   0   0   0   0   1   0   1   1   0   0   0   0   0   0   0   0   0   0
  23   0   0   1   1   0   0   0   0   0   0   0   0   0   0   0   0   0   0
  24   0   1   0   0   0   0   0   0   0   0   0   0   1   0   0   1   0   0
  25   1   0   2   0   0   0   0   0   0   0   0   0   0   0   0   0   1   0
    
     210 215 220 225 228 230 231 235 237 240 245 249 250 255 258 265 270 271
  21   1   0   0   0   0   0   0   0   0   0   0   0   0   0   0   0   0   0
  22   0   0   0   0   0   0   0   0   0   1   0   0   0   0   0   0   0   0
  23   1   0   0   0   0   0   0   0   0   0   0   0   0   0   0   1   1   0
  24   0   1   0   0   0   0   0   0   0   0   0   0   1   0   0   0   0   0
  25   1   0   0   0   0   0   0   0   0   0   0   0   0   0   0   0   0   0
    
     272 274 275 277 278 280 284 285 291 293 300 304 310 318 321 325 326 328
  21   0   0   0   0   0   0   0   0   1   0   0   0   0   0   0   0   0   0
  22   0   0   0   0   1   0   0   0   0   1   0   0   1   0   0   0   0   0
  23   0   0   0   0   0   0   1   0   0   0   0   0   0   0   0   0   0   0
  24   0   0   0   0   0   0   0   0   0   0   0   0   0   0   0   0   0   0
  25   0   0   1   0   0   0   0   0   0   0   0   0   0   0   0   0   0   0
    
     330 335 342 360 370 375 387 392 402 415 440 465 474 478 480 485 495 510
  21   0   0   0   0   0   0   0   0   0   1   0   0   0   1   1   0   0   0
  22   0   1   0   0   0   0   0   0   0   0   0   0   1   0   0   0   0   0
  23   1   0   0   0   0   0   0   0   0   0   0   0   0   0   0   1   0   0
  24   0   0   0   0   0   1   1   0   0   0   0   0   0   0   0   0   0   0
  25   0   0   0   0   0   0   0   0   0   0   0   1   0   0   0   0   0   0
    
     540 543 545 579 600 680 744 846
  21   0   0   0   0   0   0   0   0
  22   0   0   0   0   0   0   0   0
  23   0   0   0   0   0   1   0   0
  24   0   0   0   0   0   0   0   0
  25   1   0   0   0   0   0   0   0
 [ reached getOption("max.print") -- omitted 47 rows ]
> chisq.test(diabetes1,simulate.p.value=TRUE) 

	Pearson's Chi-squared test with simulated p-value (based on 2000
	replicates)

data:  diabetes1
X-squared = 7561.7, df = NA, p-value = 0.9995

> 
