diabetes=read.csv("C:\\Users\\HP\\Downloads\\diabetes.csv")
A=c(diabetes$Age)
decimalscaling=(A/100)
decimalscaling
OUTPUT:
[1] 0.50 0.31 0.32 0.21 0.33 0.30 0.26 0.29 0.53 0.54 0.30 0.34 0.57 0.59
 [15] 0.51 0.32 0.31 0.31 0.33 0.32 0.27 0.50 0.41 0.29 0.51 0.41 0.43 0.22
 [29] 0.57 0.38 0.60 0.28 0.22 0.28 0.45 0.33 0.35 0.46 0.27 0.56 0.26 0.37
 [43] 0.48 0.54 0.40 0.25 0.29 0.22 0.31 0.24 0.22 0.26 0.30 0.58 0.42 0.21
 [57] 0.41 0.31 0.44 0.22 0.21 0.39 0.36 0.24 0.42 0.32 0.38 0.54 0.25 0.27
 [71] 0.28 0.26 0.42 0.23 0.22 0.22 0.41 0.27 0.26 0.24 0.22 0.22 0.36 0.22
 [85] 0.37 0.27 0.45 0.26 0.43 0.24 0.21 0.34 0.42 0.60 0.21 0.40 0.24 0.22
 [99] 0.23 0.31 0.33 0.22 0.21 0.24 0.27 0.21 0.27 0.37 0.25 0.24 0.24 0.46
[113] 0.23 0.25 0.39 0.61 0.38 0.25 0.22 0.21 0.25 0.24 0.23 0.69 0.23 0.26
[127] 0.30 0.23 0.40 0.62 0.33 0.33 0.30 0.39 0.26 0.31 0.21 0.22 0.29 0.28
[141] 0.55 0.38 0.22 0.42 0.23 0.21 0.41 0.34 0.65 0.22 0.24 0.37 0.42 0.23
[155] 0.43 0.36 0.21 0.23 0.22 0.47 0.36 0.45 0.27 0.21 0.32 0.41 0.22 0.34
[169] 0.29 0.29 0.36 0.29 0.25 0.23 0.33 0.36 0.42 0.26 0.47 0.37 0.32 0.23
[183] 0.21 0.27 0.40 0.41 0.60 0.33 0.31 0.25 0.21 0.40 0.36 0.40 0.42 0.29
[197] 0.21 0.23 0.26 0.29 0.21 0.28 0.32 0.27 0.55 0.27 0.57 0.52 0.21 0.41
[211] 0.25 0.24 0.60 0.24 0.36 0.38 0.25 0.32 0.32 0.41 0.21 0.66 0.37 0.61
[225] 0.26 0.22 0.26 0.24 0.31 0.24 0.22 0.46 0.22 0.29 0.23 0.26 0.51 0.23
[239] 0.32 0.27 0.21 0.22 0.22 0.33 0.29 0.49 0.41 0.23 0.34 0.23 0.42 0.27
[253] 0.24 0.25 0.44 0.21 0.30 0.25 0.24 0.51 0.34 0.27 0.24 0.63 0.35 0.43
[267] 0.25 0.24 0.21 0.28 0.38 0.21 0.40 0.21 0.52 0.25 0.29 0.23 0.57 0.22
[281] 0.28 0.39 0.37 0.47 0.52 0.51 0.34 0.29 0.26 0.33 0.21 0.25 0.31 0.24
[295] 0.65 0.28 0.29 0.24 0.46 0.58 0.30 0.25 0.35 0.28 0.37 0.29 0.47 0.21
[309] 0.25 0.30 0.41 0.22 0.27 0.25 0.43 0.26 0.30 0.29 0.28 0.59 0.31 0.25
[323] 0.36 0.43 0.21 0.24 0.30 0.37 0.23 0.37 0.46 0.25 0.41 0.44 0.22 0.26
[337] 0.44 0.44 0.33 0.41 0.22 0.36 0.22 0.33 0.57 0.49 0.22 0.23 0.26 0.37
[351] 0.29 0.30 0.46 0.24 0.21 0.49 0.28 0.44 0.48 0.29 0.29 0.63 0.65 0.67
[365] 0.30 0.30 0.29 0.21 0.22 0.45 0.25 0.21 0.21 0.25 0.28 0.58 0.22 0.22
[379] 0.32 0.35 0.24 0.22 0.21 0.25 0.25 0.24 0.35 0.45 0.58 0.28 0.42 0.27
[393] 0.21 0.37 0.31 0.25 0.39 0.22 0.25 0.25 0.31 0.55 0.35 0.38 0.41 0.26
[407] 0.46 0.25 0.39 0.28 0.28 0.25 0.22 0.21 0.21 0.22 0.22 0.37 0.27 0.28
[421] 0.26 0.21 0.21 0.21 0.36 0.31 0.25 0.38 0.26 0.43 0.23 0.38 0.22 0.29
[435] 0.36 0.29 0.41 0.28 0.21 0.31 0.41 0.22 0.24 0.33 0.30 0.25 0.28 0.26
[449] 0.22 0.26 0.23 0.23 0.25 0.72 0.24 0.38 0.62 0.24 0.51 0.81 0.48 0.26
[463] 0.39 0.37 0.34 0.21 0.22 0.25 0.38 0.27 0.28 0.22 0.22 0.50 0.24 0.59
[477] 0.29 0.31 0.39 0.63 0.35 0.29 0.28 0.23 0.31 0.24 0.21 0.58 0.28 0.67
[491] 0.24 0.42 0.33 0.45 0.22 0.66 0.30 0.25 0.55 0.39 0.21 0.28 0.41 0.41
[505] 0.40 0.38 0.35 0.21 0.21 0.64 0.46 0.21 0.58 0.22 0.24 0.28 0.53 0.51
[519] 0.41 0.60 0.25 0.26 0.26 0.45 0.24 0.21 0.21 0.24 0.22 0.31 0.22 0.24
[533] 0.29 0.31 0.24 0.23 0.46 0.67 0.23 0.32 0.43 0.27 0.56 0.25 0.29 0.37
[547] 0.53 0.28 0.50 0.37 0.21 0.25 0.66 0.23 0.28 0.37 0.30 0.58 0.42 0.35
[561] 0.54 0.28 0.24 0.32 0.27 0.22 0.21 0.46 0.37 0.33 0.39 0.21 0.22 0.22
[575] 0.23 0.25 0.35 0.21 0.36 0.62 0.21 0.27 0.62 0.42 0.52 0.22 0.41 0.29
[589] 0.52 0.25 0.45 0.24 0.44 0.25 0.34 0.22 0.46 0.21 0.38 0.26 0.24 0.28
[603] 0.30 0.54 0.36 0.21 0.22 0.25 0.27 0.23 0.24 0.36 0.40 0.26 0.50 0.27
[617] 0.30 0.23 0.50 0.24 0.28 0.28 0.45 0.21 0.21 0.29 0.21 0.21 0.45 0.21
[631] 0.34 0.24 0.23 0.22 0.31 0.38 0.48 0.23 0.32 0.28 0.27 0.24 0.50 0.31
[645] 0.27 0.30 0.33 0.22 0.42 0.23 0.23 0.27 0.28 0.27 0.22 0.25 0.22 0.41
[659] 0.51 0.27 0.54 0.22 0.43 0.40 0.40 0.24 0.70 0.40 0.43 0.45 0.49 0.21
[673] 0.47 0.22 0.68 0.31 0.53 0.25 0.25 0.23 0.22 0.26 0.22 0.27 0.69 0.25
[687] 0.22 0.29 0.23 0.46 0.34 0.44 0.23 0.43 0.25 0.43 0.31 0.22 0.28 0.26
[701] 0.26 0.49 0.52 0.41 0.27 0.28 0.30 0.22 0.45 0.23 0.24 0.40 0.38 0.21
[715] 0.32 0.34 0.31 0.56 0.24 0.52 0.34 0.21 0.42 0.42 0.45 0.38 0.25 0.22
[729] 0.22 0.22 0.34 0.22 0.24 0.22 0.53 0.28 0.21 0.42 0.21 0.42 0.48 0.26
[743] 0.22 0.45 0.39 0.46 0.27 0.32 0.36 0.50 0.22 0.28 0.25 0.26 0.45 0.37
[757] 0.39 0.52 0.26 0.66 0.22 0.43 0.33 0.63 0.27 0.30 0.47 0.23
> 
