diabetes<-read.csv("C:\\Users\\HP\\Downloads\\diabetes.csv")
A<-c(diabetes$Age)
Minmax<-(A-minimum)/(maximum-minimum)
minmax
OUTPUT:
Minmax
  [1] 0.48333333 0.16666667 0.18333333 0.00000000 0.20000000 0.15000000
  [7] 0.08333333 0.13333333 0.53333333 0.55000000 0.15000000 0.21666667
 [13] 0.60000000 0.63333333 0.50000000 0.18333333 0.16666667 0.16666667
 [19] 0.20000000 0.18333333 0.10000000 0.48333333 0.33333333 0.13333333
 [25] 0.50000000 0.33333333 0.36666667 0.01666667 0.60000000 0.28333333
 [31] 0.65000000 0.11666667 0.01666667 0.11666667 0.40000000 0.20000000
 [37] 0.23333333 0.41666667 0.10000000 0.58333333 0.08333333 0.26666667
 [43] 0.45000000 0.55000000 0.31666667 0.06666667 0.13333333 0.01666667
 [49] 0.16666667 0.05000000 0.01666667 0.08333333 0.15000000 0.61666667
 [55] 0.35000000 0.00000000 0.33333333 0.16666667 0.38333333 0.01666667
 [61] 0.00000000 0.30000000 0.25000000 0.05000000 0.35000000 0.18333333
 [67] 0.28333333 0.55000000 0.06666667 0.10000000 0.11666667 0.08333333
 [73] 0.35000000 0.03333333 0.01666667 0.01666667 0.33333333 0.10000000
 [79] 0.08333333 0.05000000 0.01666667 0.01666667 0.25000000 0.01666667
 [85] 0.26666667 0.10000000 0.40000000 0.08333333 0.36666667 0.05000000
 [91] 0.00000000 0.21666667 0.35000000 0.65000000 0.00000000 0.31666667
 [97] 0.05000000 0.01666667 0.03333333 0.16666667 0.20000000 0.01666667
[103] 0.00000000 0.05000000 0.10000000 0.00000000 0.10000000 0.26666667
[109] 0.06666667 0.05000000 0.05000000 0.41666667 0.03333333 0.06666667
[115] 0.30000000 0.66666667 0.28333333 0.06666667 0.01666667 0.00000000
[121] 0.06666667 0.05000000 0.03333333 0.80000000 0.03333333 0.08333333
[127] 0.15000000 0.03333333 0.31666667 0.68333333 0.20000000 0.20000000
[133] 0.15000000 0.30000000 0.08333333 0.16666667 0.00000000 0.01666667
[139] 0.13333333 0.11666667 0.56666667 0.28333333 0.01666667 0.35000000
[145] 0.03333333 0.00000000 0.33333333 0.21666667 0.73333333 0.01666667
[151] 0.05000000 0.26666667 0.35000000 0.03333333 0.36666667 0.25000000
[157] 0.00000000 0.03333333 0.01666667 0.43333333 0.25000000 0.40000000
[163] 0.10000000 0.00000000 0.18333333 0.33333333 0.01666667 0.21666667
[169] 0.13333333 0.13333333 0.25000000 0.13333333 0.06666667 0.03333333
[175] 0.20000000 0.25000000 0.35000000 0.08333333 0.43333333 0.26666667
[181] 0.18333333 0.03333333 0.00000000 0.10000000 0.31666667 0.33333333
[187] 0.65000000 0.20000000 0.16666667 0.06666667 0.00000000 0.31666667
[193] 0.25000000 0.31666667 0.35000000 0.13333333 0.00000000 0.03333333
[199] 0.08333333 0.13333333 0.00000000 0.11666667 0.18333333 0.10000000
[205] 0.56666667 0.10000000 0.60000000 0.51666667 0.00000000 0.33333333
[211] 0.06666667 0.05000000 0.65000000 0.05000000 0.25000000 0.28333333
[217] 0.06666667 0.18333333 0.18333333 0.33333333 0.00000000 0.75000000
[223] 0.26666667 0.66666667 0.08333333 0.01666667 0.08333333 0.05000000
[229] 0.16666667 0.05000000 0.01666667 0.41666667 0.01666667 0.13333333
[235] 0.03333333 0.08333333 0.50000000 0.03333333 0.18333333 0.10000000
[241] 0.00000000 0.01666667 0.01666667 0.20000000 0.13333333 0.46666667
[247] 0.33333333 0.03333333 0.21666667 0.03333333 0.35000000 0.10000000
[253] 0.05000000 0.06666667 0.38333333 0.00000000 0.15000000 0.06666667
[259] 0.05000000 0.50000000 0.21666667 0.10000000 0.05000000 0.70000000
[265] 0.23333333 0.36666667 0.06666667 0.05000000 0.00000000 0.11666667
[271] 0.28333333 0.00000000 0.31666667 0.00000000 0.51666667 0.06666667
[277] 0.13333333 0.03333333 0.60000000 0.01666667 0.11666667 0.30000000
[283] 0.26666667 0.43333333 0.51666667 0.50000000 0.21666667 0.13333333
[289] 0.08333333 0.20000000 0.00000000 0.06666667 0.16666667 0.05000000
[295] 0.73333333 0.11666667 0.13333333 0.05000000 0.41666667 0.61666667
[301] 0.15000000 0.06666667 0.23333333 0.11666667 0.26666667 0.13333333
[307] 0.43333333 0.00000000 0.06666667 0.15000000 0.33333333 0.01666667
[313] 0.10000000 0.06666667 0.36666667 0.08333333 0.15000000 0.13333333
[319] 0.11666667 0.63333333 0.16666667 0.06666667 0.25000000 0.36666667
[325] 0.00000000 0.05000000 0.15000000 0.26666667 0.03333333 0.26666667
[331] 0.41666667 0.06666667 0.33333333 0.38333333 0.01666667 0.08333333
[337] 0.38333333 0.38333333 0.20000000 0.33333333 0.01666667 0.25000000
[343] 0.01666667 0.20000000 0.60000000 0.46666667 0.01666667 0.03333333
[349] 0.08333333 0.26666667 0.13333333 0.15000000 0.41666667 0.05000000
[355] 0.00000000 0.46666667 0.11666667 0.38333333 0.45000000 0.13333333
[361] 0.13333333 0.70000000 0.73333333 0.76666667 0.15000000 0.15000000
[367] 0.13333333 0.00000000 0.01666667 0.40000000 0.06666667 0.00000000
[373] 0.00000000 0.06666667 0.11666667 0.61666667 0.01666667 0.01666667
[379] 0.18333333 0.23333333 0.05000000 0.01666667 0.00000000 0.06666667
[385] 0.06666667 0.05000000 0.23333333 0.40000000 0.61666667 0.11666667
[391] 0.35000000 0.10000000 0.00000000 0.26666667 0.16666667 0.06666667
[397] 0.30000000 0.01666667 0.06666667 0.06666667 0.16666667 0.56666667
[403] 0.23333333 0.28333333 0.33333333 0.08333333 0.41666667 0.06666667
[409] 0.30000000 0.11666667 0.11666667 0.06666667 0.01666667 0.00000000
[415] 0.00000000 0.01666667 0.01666667 0.26666667 0.10000000 0.11666667
[421] 0.08333333 0.00000000 0.00000000 0.00000000 0.25000000 0.16666667
[427] 0.06666667 0.28333333 0.08333333 0.36666667 0.03333333 0.28333333
[433] 0.01666667 0.13333333 0.25000000 0.13333333 0.33333333 0.11666667
[439] 0.00000000 0.16666667 0.33333333 0.01666667 0.05000000 0.20000000
[445] 0.15000000 0.06666667 0.11666667 0.08333333 0.01666667 0.08333333
[451] 0.03333333 0.03333333 0.06666667 0.85000000 0.05000000 0.28333333
[457] 0.68333333 0.05000000 0.50000000 1.00000000 0.45000000 0.08333333
[463] 0.30000000 0.26666667 0.21666667 0.00000000 0.01666667 0.06666667
[469] 0.28333333 0.10000000 0.11666667 0.01666667 0.01666667 0.48333333
[475] 0.05000000 0.63333333 0.13333333 0.16666667 0.30000000 0.70000000
[481] 0.23333333 0.13333333 0.11666667 0.03333333 0.16666667 0.05000000
[487] 0.00000000 0.61666667 0.11666667 0.76666667 0.05000000 0.35000000
[493] 0.20000000 0.40000000 0.01666667 0.75000000 0.15000000 0.06666667
[499] 0.56666667 0.30000000 0.00000000 0.11666667 0.33333333 0.33333333
[505] 0.31666667 0.28333333 0.23333333 0.00000000 0.00000000 0.71666667
[511] 0.41666667 0.00000000 0.61666667 0.01666667 0.05000000 0.11666667
[517] 0.53333333 0.50000000 0.33333333 0.65000000 0.06666667 0.08333333
[523] 0.08333333 0.40000000 0.05000000 0.00000000 0.00000000 0.05000000
[529] 0.01666667 0.16666667 0.01666667 0.05000000 0.13333333 0.16666667
[535] 0.05000000 0.03333333 0.41666667 0.76666667 0.03333333 0.18333333
[541] 0.36666667 0.10000000 0.58333333 0.06666667 0.13333333 0.26666667
[547] 0.53333333 0.11666667 0.48333333 0.26666667 0.00000000 0.06666667
[553] 0.75000000 0.03333333 0.11666667 0.26666667 0.15000000 0.61666667
[559] 0.35000000 0.23333333 0.55000000 0.11666667 0.05000000 0.18333333
[565] 0.10000000 0.01666667 0.00000000 0.41666667 0.26666667 0.20000000
[571] 0.30000000 0.00000000 0.01666667 0.01666667 0.03333333 0.06666667
[577] 0.23333333 0.00000000 0.25000000 0.68333333 0.00000000 0.10000000
[583] 0.68333333 0.35000000 0.51666667 0.01666667 0.33333333 0.13333333
[589] 0.51666667 0.06666667 0.40000000 0.05000000 0.38333333 0.06666667
[595] 0.21666667 0.01666667 0.41666667 0.00000000 0.28333333 0.08333333
[601] 0.05000000 0.11666667 0.15000000 0.55000000 0.25000000 0.00000000
[607] 0.01666667 0.06666667 0.10000000 0.03333333 0.05000000 0.25000000
[613] 0.31666667 0.08333333 0.48333333 0.10000000 0.15000000 0.03333333
[619] 0.48333333 0.05000000 0.11666667 0.11666667 0.40000000 0.00000000
[625] 0.00000000 0.13333333 0.00000000 0.00000000 0.40000000 0.00000000
[631] 0.21666667 0.05000000 0.03333333 0.01666667 0.16666667 0.28333333
[637] 0.45000000 0.03333333 0.18333333 0.11666667 0.10000000 0.05000000
[643] 0.48333333 0.16666667 0.10000000 0.15000000 0.20000000 0.01666667
[649] 0.35000000 0.03333333 0.03333333 0.10000000 0.11666667 0.10000000
[655] 0.01666667 0.06666667 0.01666667 0.33333333 0.50000000 0.10000000
[661] 0.55000000 0.01666667 0.36666667 0.31666667 0.31666667 0.05000000
[667] 0.81666667 0.31666667 0.36666667 0.40000000 0.46666667 0.00000000
[673] 0.43333333 0.01666667 0.78333333 0.16666667 0.53333333 0.06666667
[679] 0.06666667 0.03333333 0.01666667 0.08333333 0.01666667 0.10000000
[685] 0.80000000 0.06666667 0.01666667 0.13333333 0.03333333 0.41666667
[691] 0.21666667 0.38333333 0.03333333 0.36666667 0.06666667 0.36666667
[697] 0.16666667 0.01666667 0.11666667 0.08333333 0.08333333 0.46666667
[703] 0.51666667 0.33333333 0.10000000 0.11666667 0.15000000 0.01666667
[709] 0.40000000 0.03333333 0.05000000 0.31666667 0.28333333 0.00000000
[715] 0.18333333 0.21666667 0.16666667 0.58333333 0.05000000 0.51666667
[721] 0.21666667 0.00000000 0.35000000 0.35000000 0.40000000 0.28333333
[727] 0.06666667 0.01666667 0.01666667 0.01666667 0.21666667 0.01666667
[733] 0.05000000 0.01666667 0.53333333 0.11666667 0.00000000 0.35000000
[739] 0.00000000 0.35000000 0.45000000 0.08333333 0.01666667 0.40000000
[745] 0.30000000 0.41666667 0.10000000 0.18333333 0.25000000 0.48333333
[751] 0.01666667 0.11666667 0.06666667 0.08333333 0.40000000 0.26666667
[757] 0.30000000 0.51666667 0.08333333 0.75000000 0.01666667 0.36666667
[763] 0.20000000 0.70000000 0.10000000 0.15000000 0.43333333 0.03333333
> 
